observed_free_cells,explorable_free_cells,explored_area_m2,coverage_ratio,coverage_reference,steps,path_length_m,collisions,successful_moves,revisited_moves,revisit_ratio,termination_reason,action,decision_ms
97,11262,6.0625,0.00861303498490499,start_connected_robot_center_grid,0,0.0,0,0,0,0.0,,reset,0.0
112,11262,7.0,0.00994494761143669,start_connected_robot_center_grid,1,0.0,0,0,0,0.0,,right,10.625701863318682
118,11262,7.375,0.01047771266204937,start_connected_robot_center_grid,2,0.0,0,0,0,0.0,,right,1.1265331413596869
127,11262,7.9375,0.01127686023796839,start_connected_robot_center_grid,3,0.0,0,0,0,0.0,,right,7.3829409666359425
127,11262,7.9375,0.01127686023796839,start_connected_robot_center_grid,4,0.0,0,0,0,0.0,,right,5.613730056211352
136,11262,8.5,0.012076007813887409,start_connected_robot_center_grid,5,0.25,0,1,0,0.0,,forward,1.101597910746932
145,11262,9.0625,0.01287515538980643,start_connected_robot_center_grid,6,0.5,0,2,0,0.0,,forward,1.0795069392770529
154,11262,9.625,0.013674302965725449,start_connected_robot_center_grid,7,0.75,0,3,0,0.0,,forward,1.0659031104296446
163,11262,10.1875,0.014473450541644468,start_connected_robot_center_grid,8,1.0,0,4,0,0.0,,forward,1.0711860377341509
172,11262,10.75,0.015272598117563489,start_connected_robot_center_grid,9,1.25,0,5,0,0.0,,forward,1.071006990969181
181,11262,11.3125,0.016071745693482506,start_connected_robot_center_grid,10,1.5,0,6,0,0.0,,forward,1.0751059744507074
192,11262,12.0,0.017048481619605753,start_connected_robot_center_grid,11,1.75,0,7,0,0.0,,forward,4.458163864910603
206,11262,12.875,0.01829160007103534,start_connected_robot_center_grid,12,2.0,0,8,0,0.0,,forward,1.0655149817466736
221,11262,13.8125,0.019623512697567038,start_connected_robot_center_grid,13,2.25,0,9,0,0.0,,forward,1.0623219422996044
235,11262,14.6875,0.020866631148996624,start_connected_robot_center_grid,14,2.5,0,10,0,0.0,,forward,1.059375936165452
247,11262,15.4375,0.021932161250221984,start_connected_robot_center_grid,15,2.75,0,11,0,0.0,,forward,1.0646390728652477
257,11262,16.0625,0.022820103001243118,start_connected_robot_center_grid,16,3.0,0,12,0,0.0,,forward,1.0741229634732008
266,11262,16.625,0.02361925057716214,start_connected_robot_center_grid,17,3.25,0,13,0,0.0,,forward,7.974871899932623
275,11262,17.1875,0.024418398153081156,start_connected_robot_center_grid,18,3.5,0,14,0,0.0,,forward,1.0868590325117111
284,11262,17.75,0.025217545729000177,start_connected_robot_center_grid,19,3.75,0,15,0,0.0,,forward,1.1246490757912397
293,11262,18.3125,0.026016693304919198,start_connected_robot_center_grid,20,4.0,0,16,0,0.0,,forward,1.120121916756034
302,11262,18.875,0.026815840880838215,start_connected_robot_center_grid,21,4.25,0,17,0,0.0,,forward,5.1952090580016375
311,11262,19.4375,0.027614988456757236,start_connected_robot_center_grid,22,4.5,0,18,0,0.0,,forward,1.0916299652308226
320,11262,20.0,0.028414136032676257,start_connected_robot_center_grid,23,4.75,0,19,0,0.0,,forward,1.0822010226547718
329,11262,20.5625,0.029213283608595274,start_connected_robot_center_grid,24,5.0,0,20,0,0.0,,forward,1.173738157376647
338,11262,21.125,0.030012431184514295,start_connected_robot_center_grid,25,5.25,0,21,0,0.0,,forward,1.0710591450333595
347,11262,21.6875,0.030811578760433316,start_connected_robot_center_grid,26,5.5,0,22,0,0.0,,forward,1.1655581183731556
356,11262,22.25,0.031610726336352334,start_connected_robot_center_grid,27,5.75,0,23,0,0.0,,forward,1.0833039414137602
365,11262,22.8125,0.032409873912271354,start_connected_robot_center_grid,28,6.0,0,24,0,0.0,,forward,1.138815889135003
370,11262,23.125,0.03285384478778192,start_connected_robot_center_grid,29,6.0,0,24,0,0.0,,left,8.926745038479567
372,11262,23.25,0.03303143313798615,start_connected_robot_center_grid,30,6.25,0,25,0,0.0,,forward,1.1590030044317245
372,11262,23.25,0.03303143313798615,start_connected_robot_center_grid,31,6.5,0,26,0,0.0,,forward,6.024000933393836
372,11262,23.25,0.03303143313798615,start_connected_robot_center_grid,32,6.75,0,27,0,0.0,,forward,1.1824299581348896
372,11262,23.25,0.03303143313798615,start_connected_robot_center_grid,33,7.0,0,28,0,0.0,,forward,1.111289020627737
372,11262,23.25,0.03303143313798615,start_connected_robot_center_grid,34,7.0,0,28,0,0.0,,left,1.1609909124672413
372,11262,23.25,0.03303143313798615,start_connected_robot_center_grid,35,7.25,0,29,0,0.0,,forward,1.1405590921640396
372,11262,23.25,0.03303143313798615,start_connected_robot_center_grid,36,7.5,0,30,0,0.0,,forward,1.0840930044651031
372,11262,23.25,0.03303143313798615,start_connected_robot_center_grid,37,7.75,0,31,0,0.0,,forward,1.132868928834796
372,11262,23.25,0.03303143313798615,start_connected_robot_center_grid,38,8.0,0,32,0,0.0,,forward,1.1537561658769846
388,11262,24.25,0.03445213993961996,start_connected_robot_center_grid,39,8.0,0,32,0,0.0,,right,1.0687010362744331
391,11262,24.4375,0.0347185224649263,start_connected_robot_center_grid,40,8.25,0,33,0,0.0,,forward,1.1636961717158556
394,11262,24.625,0.03498490499023264,start_connected_robot_center_grid,41,8.5,0,34,0,0.0,,forward,6.002923008054495
397,11262,24.8125,0.03525128751553898,start_connected_robot_center_grid,42,8.75,0,35,0,0.0,,forward,1.09744886867702
403,11262,25.1875,0.03578405256615166,start_connected_robot_center_grid,43,9.0,0,36,0,0.0,,forward,1.0915298480540514
403,11262,25.1875,0.03578405256615166,start_connected_robot_center_grid,44,9.0,0,36,0,0.0,,right,9.649225976318121
403,11262,25.1875,0.03578405256615166,start_connected_robot_center_grid,45,9.0,0,36,0,0.0,,right,1.1805701069533825
403,11262,25.1875,0.03578405256615166,start_connected_robot_center_grid,46,9.25,0,37,1,0.02702702702702703,,forward,1.1402808595448732
403,11262,25.1875,0.03578405256615166,start_connected_robot_center_grid,47,9.5,0,38,2,0.05263157894736842,,forward,1.1164818424731493
403,11262,25.1875,0.03578405256615166,start_connected_robot_center_grid,48,9.75,0,39,3,0.07692307692307693,,forward,1.0925489477813244
403,11262,25.1875,0.03578405256615166,start_connected_robot_center_grid,49,10.0,0,40,4,0.1,,forward,1.0840620379894972
404,11262,25.25,0.035872846741253774,start_connected_robot_center_grid,50,10.25,0,41,4,0.0975609756097561,,forward,1.07906898483634
407,11262,25.4375,0.036139229266560116,start_connected_robot_center_grid,51,10.5,0,42,4,0.09523809523809523,,forward,6.131391040980816
410,11262,25.625,0.03640561179186645,start_connected_robot_center_grid,52,10.75,0,43,4,0.09302325581395349,,forward,1.1007038410753012
413,11262,25.8125,0.036671994317172794,start_connected_robot_center_grid,53,11.0,0,44,5,0.11363636363636363,,forward,1.0982919484376907
416,11262,26.0,0.03693837684247913,start_connected_robot_center_grid,54,11.25,0,45,5,0.1111111111111111,,forward,1.0897580068558455
419,11262,26.1875,0.03720475936778547,start_connected_robot_center_grid,55,11.5,0,46,5,0.10869565217391304,,forward,1.0720361024141312
422,11262,26.375,0.037471141893091815,start_connected_robot_center_grid,56,11.75,0,47,5,0.10638297872340426,,forward,1.0930649004876614
425,11262,26.5625,0.03773752441839815,start_connected_robot_center_grid,57,12.0,0,48,5,0.10416666666666667,,forward,1.075865002349019
425,11262,26.5625,0.03773752441839815,start_connected_robot_center_grid,58,12.0,0,48,5,0.10416666666666667,,right,1.076592830941081
425,11262,26.5625,0.03773752441839815,start_connected_robot_center_grid,59,12.25,0,49,5,0.10204081632653061,,forward,1.092993887141347
426,11262,26.625,0.03782631859350027,start_connected_robot_center_grid,60,12.25,0,49,5,0.10204081632653061,,left,1.1040461249649525
429,11262,26.8125,0.0380927011188066,start_connected_robot_center_grid,61,12.5,0,50,5,0.1,,forward,6.389252841472626
432,11262,27.0,0.038359083644112946,start_connected_robot_center_grid,62,12.75,0,51,5,0.09803921568627451,,forward,1.1127209290862083
435,11262,27.1875,0.03862546616941929,start_connected_robot_center_grid,63,13.0,0,52,5,0.09615384615384616,,forward,1.0870639234781265
441,11262,27.5625,0.03915823122003197,start_connected_robot_center_grid,64,13.25,0,53,5,0.09433962264150944,,forward,1.0826941579580307
441,11262,27.5625,0.03915823122003197,start_connected_robot_center_grid,65,13.25,0,53,5,0.09433962264150944,,right,10.811734944581985
441,11262,27.5625,0.03915823122003197,start_connected_robot_center_grid,66,13.25,0,53,5,0.09433962264150944,,right,1.0958597995340824
441,11262,27.5625,0.03915823122003197,start_connected_robot_center_grid,67,13.5,0,54,6,0.1111111111111111,,forward,1.1141709983348846
441,11262,27.5625,0.03915823122003197,start_connected_robot_center_grid,68,13.75,0,55,7,0.12727272727272726,,forward,1.0843698401004076
441,11262,27.5625,0.03915823122003197,start_connected_robot_center_grid,69,14.0,0,56,8,0.14285714285714285,,forward,1.0850941762328148
441,11262,27.5625,0.03915823122003197,start_connected_robot_center_grid,70,14.25,0,57,9,0.15789473684210525,,forward,1.0723748710006475
441,11262,27.5625,0.03915823122003197,start_connected_robot_center_grid,71,14.25,0,57,9,0.15789473684210525,,right,6.4220980275422335
441,11262,27.5625,0.03915823122003197,start_connected_robot_center_grid,72,14.5,0,58,10,0.1724137931034483,,forward,1.1230132076889277
441,11262,27.5625,0.03915823122003197,start_connected_robot_center_grid,73,14.75,0,59,10,0.1694915254237288,,forward,1.0980460792779922
441,11262,27.5625,0.03915823122003197,start_connected_robot_center_grid,74,15.0,0,60,10,0.16666666666666666,,forward,1.0830559767782688
441,11262,27.5625,0.03915823122003197,start_connected_robot_center_grid,75,15.25,0,61,10,0.16393442622950818,,forward,1.0629890020936728
442,11262,27.625,0.039247025395134076,start_connected_robot_center_grid,76,15.5,0,62,10,0.16129032258064516,,forward,1.0569030418992043
446,11262,27.875,0.039602202095542535,start_connected_robot_center_grid,77,15.75,0,63,10,0.15873015873015872,,forward,1.0874788276851177
453,11262,28.3125,0.04022376132125732,start_connected_robot_center_grid,78,16.0,0,64,10,0.15625,,forward,1.0803439654409885
461,11262,28.8125,0.040934114722074234,start_connected_robot_center_grid,79,16.25,0,65,10,0.15384615384615385,,forward,1.0914721060544252
470,11262,29.375,0.04173326229799325,start_connected_robot_center_grid,80,16.5,0,66,10,0.15151515151515152,,forward,1.0603559203445911
479,11262,29.9375,0.04253240987391227,start_connected_robot_center_grid,81,16.75,0,67,10,0.14925373134328357,,forward,6.705645006150007
488,11262,30.5,0.04333155744983129,start_connected_robot_center_grid,82,17.0,0,68,10,0.14705882352941177,,forward,1.096729189157486
497,11262,31.0625,0.04413070502575031,start_connected_robot_center_grid,83,17.25,0,69,10,0.14492753623188406,,forward,1.094376901164651
506,11262,31.625,0.04492985260166933,start_connected_robot_center_grid,84,17.5,0,70,10,0.14285714285714285,,forward,1.0747958440333605
515,11262,32.1875,0.04572900017758835,start_connected_robot_center_grid,85,17.75,0,71,10,0.14084507042253522,,forward,1.0897580068558455
524,11262,32.75,0.046528147753507366,start_connected_robot_center_grid,86,18.0,0,72,10,0.1388888888888889,,forward,1.0923109948635101
533,11262,33.3125,0.04732729532942639,start_connected_robot_center_grid,87,18.25,0,73,10,0.136986301369863,,forward,1.100664958357811
533,11262,33.3125,0.04732729532942639,start_connected_robot_center_grid,88,18.25,0,73,10,0.136986301369863,,left,12.44474807754159
533,11262,33.3125,0.04732729532942639,start_connected_robot_center_grid,89,18.25,0,73,10,0.136986301369863,,right,12.745911022648215
542,11262,33.875,0.04812644290534541,start_connected_robot_center_grid,90,18.5,0,74,10,0.13513513513513514,,forward,1.5401209238916636
552,11262,34.5,0.049014384656366546,start_connected_robot_center_grid,91,18.75,0,75,10,0.13333333333333333,,forward,11.092448839917779
564,11262,35.25,0.0500799147575919,start_connected_robot_center_grid,92,19.0,0,76,10,0.13157894736842105,,forward,1.5976510476320982
575,11262,35.9375,0.05105665068371515,start_connected_robot_center_grid,93,19.25,0,77,10,0.12987012987012986,,forward,1.6699398402124643
584,11262,36.5,0.05185579825963417,start_connected_robot_center_grid,94,19.5,0,78,10,0.1282051282051282,,forward,1.7651449888944626
593,11262,37.0625,0.05265494583555319,start_connected_robot_center_grid,95,19.75,0,79,10,0.12658227848101267,,forward,1.6248920001089573
602,11262,37.625,0.053454093411472205,start_connected_robot_center_grid,96,20.0,0,80,10,0.125,,forward,1.785913947969675
612,11262,38.25,0.05434203516249334,start_connected_robot_center_grid,97,20.25,0,81,10,0.12345679012345678,,forward,1.7820310313254595
623,11262,38.9375,0.05531877108861659,start_connected_robot_center_grid,98,20.5,0,82,10,0.12195121951219512,,forward,1.6887190286070108
635,11262,39.6875,0.056384301189841946,start_connected_robot_center_grid,99,20.75,0,83,10,0.12048192771084337,,forward,1.694289967417717
644,11262,40.25,0.057183448765760966,start_connected_robot_center_grid,100,21.0,0,84,10,0.11904761904761904,,forward,1.7340769991278648
653,11262,40.8125,0.05798259634167999,start_connected_robot_center_grid,101,21.25,0,85,10,0.11764705882352941,,forward,11.767484014853835
674,11262,42.125,0.059847274018824365,start_connected_robot_center_grid,102,21.25,0,85,10,0.11764705882352941,,right,13.139838818460703
674,11262,42.125,0.059847274018824365,start_connected_robot_center_grid,103,21.25,0,85,10,0.11764705882352941,,right,12.999854981899261
681,11262,42.5625,0.06046883324453916,start_connected_robot_center_grid,104,21.25,0,85,10,0.11764705882352941,,right,1.109421020373702
684,11262,42.75,0.060735215769845495,start_connected_robot_center_grid,105,21.5,0,86,10,0.11627906976744186,,forward,13.27799097634852
687,11262,42.9375,0.06100159829515184,start_connected_robot_center_grid,106,21.75,0,87,10,0.11494252873563218,,forward,1.1039639357477427
689,11262,43.0625,0.061179186645356064,start_connected_robot_center_grid,107,22.0,0,88,10,0.11363636363636363,,forward,1.1227340437471867
691,11262,43.1875,0.06135677499556029,start_connected_robot_center_grid,108,22.25,0,89,10,0.11235955056179775,,forward,1.1101039126515388
692,11262,43.25,0.061445569170662406,start_connected_robot_center_grid,109,22.5,0,90,10,0.1111111111111111,,forward,1.1039960663765669
700,11262,43.75,0.06215592257147931,start_connected_robot_center_grid,110,22.5,0,90,10,0.1111111111111111,,right,1.0926800314337015
708,11262,44.25,0.06286627597229622,start_connected_robot_center_grid,111,22.75,0,91,10,0.10989010989010989,,forward,8.31236899830401
716,11262,44.75,0.06357662937311312,start_connected_robot_center_grid,112,23.0,0,92,10,0.10869565217391304,,forward,1.1321320198476315
725,11262,45.3125,0.06437577694903214,start_connected_robot_center_grid,113,23.25,0,93,10,0.10752688172043011,,forward,1.127955038100481
734,11262,45.875,0.06517492452495116,start_connected_robot_center_grid,114,23.5,0,94,10,0.10638297872340426,,forward,1.0944120585918427
743,11262,46.4375,0.06597407210087018,start_connected_robot_center_grid,115,23.75,0,95,10,0.10526315789473684,,forward,1.07181491330266
752,11262,47.0,0.0667732196767892,start_connected_robot_center_grid,116,24.0,0,96,10,0.10416666666666667,,forward,1.0828101076185703
761,11262,47.5625,0.06757236725270822,start_connected_robot_center_grid,117,24.25,0,97,10,0.10309278350515463,,forward,1.1079770047217607
770,11262,48.125,0.06837151482862724,start_connected_robot_center_grid,118,24.5,0,98,10,0.10204081632653061,,forward,1.0945240501314402
779,11262,48.6875,0.06917066240454627,start_connected_robot_center_grid,119,24.75,0,99,10,0.10101010101010101,,forward,1.1075688526034355
788,11262,49.25,0.06996980998046529,start_connected_robot_center_grid,120,25.0,0,100,10,0.1,,forward,1.09599600546062
797,11262,49.8125,0.07076895755638431,start_connected_robot_center_grid,121,25.25,0,101,10,0.09900990099009901,,forward,22.267119027674198
806,11262,50.375,0.07156810513230331,start_connected_robot_center_grid,122,25.5,0,102,10,0.09803921568627451,,forward,1.2003867886960506
815,11262,50.9375,0.07236725270822233,start_connected_robot_center_grid,123,25.75,0,103,10,0.0970873786407767,,forward,1.1633161921054125
824,11262,51.5,0.07316640028414136,start_connected_robot_center_grid,124,26.0,0,104,10,0.09615384615384616,,forward,1.1129891499876976
833,11262,52.0625,0.07396554786006038,start_connected_robot_center_grid,125,26.25,0,105,10,0.09523809523809523,,forward,1.1718361638486385
842,11262,52.625,0.0747646954359794,start_connected_robot_center_grid,126,26.5,0,106,10,0.09433962264150944,,forward,1.1721060145646334
851,11262,53.1875,0.07556384301189842,start_connected_robot_center_grid,127,26.75,0,107,10,0.09345794392523364,,forward,1.157224178314209
860,11262,53.75,0.07636299058781744,start_connected_robot_center_grid,128,27.0,0,108,10,0.09259259259259259,,forward,1.197414007037878
869,11262,54.3125,0.07716213816373646,start_connected_robot_center_grid,129,27.25,0,109,10,0.09174311926605505,,forward,1.1789810378104448
878,11262,54.875,0.07796128573965548,start_connected_robot_center_grid,130,27.5,0,110,10,0.09090909090909091,,forward,1.1343369260430336
887,11262,55.4375,0.0787604333155745,start_connected_robot_center_grid,131,27.75,0,111,10,0.09009009009009009,,forward,9.889862034469843
896,11262,56.0,0.07955958089149352,start_connected_robot_center_grid,132,28.0,0,112,10,0.08928571428571429,,forward,1.2275299523025751
905,11262,56.5625,0.08035872846741254,start_connected_robot_center_grid,133,28.25,0,113,10,0.08849557522123894,,forward,15.221367124468088
914,11262,57.125,0.08115787604333156,start_connected_robot_center_grid,134,28.5,0,114,10,0.08771929824561403,,forward,1.2095989659428596
923,11262,57.6875,0.08195702361925057,start_connected_robot_center_grid,135,28.75,0,115,10,0.08695652173913043,,forward,1.2130639515817165
933,11262,58.3125,0.08284496537027171,start_connected_robot_center_grid,136,29.0,0,116,10,0.08620689655172414,,forward,1.1879641097038984
944,11262,59.0,0.08382170129639496,start_connected_robot_center_grid,137,29.25,0,117,10,0.08547008547008547,,forward,1.139685045927763
957,11262,59.8125,0.08497602557272244,start_connected_robot_center_grid,138,29.5,0,118,10,0.0847457627118644,,forward,1.1725600343197584
970,11262,60.625,0.08613034984904991,start_connected_robot_center_grid,139,29.75,0,119,10,0.08403361344537816,,forward,1.177996164187789
985,11262,61.5625,0.0874622624755816,start_connected_robot_center_grid,140,30.0,0,120,10,0.08333333333333333,,forward,1.1356568429619074
997,11262,62.3125,0.08852779257680696,start_connected_robot_center_grid,141,30.25,0,121,10,0.08264462809917356,,forward,10.49201493151486
1007,11262,62.9375,0.0894157343278281,start_connected_robot_center_grid,142,30.5,0,122,10,0.08196721311475409,,forward,1.1720899492502213
1016,11262,63.5,0.09021488190374712,start_connected_robot_center_grid,143,30.75,0,123,10,0.08130081300813008,,forward,1.215822994709015
1025,11262,64.0625,0.09101402947966614,start_connected_robot_center_grid,144,31.0,0,124,10,0.08064516129032258,,forward,1.1535279918462038
1035,11262,64.6875,0.09190197123068727,start_connected_robot_center_grid,145,31.0,0,124,10,0.08064516129032258,,left,16.046467004343867
1036,11262,64.75,0.09199076540578938,start_connected_robot_center_grid,146,31.25,0,125,10,0.08,,forward,1.1568930931389332
1036,11262,64.75,0.09199076540578938,start_connected_robot_center_grid,147,31.5,0,126,10,0.07936507936507936,,forward,1.2372750788927078
1036,11262,64.75,0.09199076540578938,start_connected_robot_center_grid,148,31.75,0,127,10,0.07874015748031496,,forward,1.1845659464597702
1037,11262,64.8125,0.09207955958089149,start_connected_robot_center_grid,149,31.75,0,127,10,0.07874015748031496,,right,1.1399229988455772
1041,11262,65.0625,0.09243473628129995,start_connected_robot_center_grid,150,32.0,0,128,10,0.078125,,forward,1.1699791066348553
1048,11262,65.5,0.09305629550701473,start_connected_robot_center_grid,151,32.25,0,129,10,0.07751937984496124,,forward,10.935432044789195
1057,11262,66.0625,0.09385544308293375,start_connected_robot_center_grid,152,32.5,0,130,10,0.07692307692307693,,forward,1.265479950234294
1068,11262,66.75,0.09483217900905701,start_connected_robot_center_grid,153,32.5,0,130,10,0.07692307692307693,,left,1.1975399684160948
1071,11262,66.9375,0.09509856153436334,start_connected_robot_center_grid,154,32.75,0,131,10,0.07633587786259542,,forward,1.161461928859353
1074,11262,67.125,0.09536494405966968,start_connected_robot_center_grid,155,33.0,0,132,10,0.07575757575757576,,forward,1.1339450720697641
1077,11262,67.3125,0.09563132658497603,start_connected_robot_center_grid,156,33.25,0,133,10,0.07518796992481203,,forward,1.2222710065543652
1077,11262,67.3125,0.09563132658497603,start_connected_robot_center_grid,157,33.25,0,133,10,0.07518796992481203,,right,16.329473815858364
1077,11262,67.3125,0.09563132658497603,start_connected_robot_center_grid,158,33.5,0,134,10,0.07462686567164178,,forward,1.1819831561297178
1077,11262,67.3125,0.09563132658497603,start_connected_robot_center_grid,159,33.5,0,134,10,0.07462686567164178,,right,1.2307609431445599
1077,11262,67.3125,0.09563132658497603,start_connected_robot_center_grid,160,33.75,0,135,10,0.07407407407407407,,forward,1.1897748336195946
1077,11262,67.3125,0.09563132658497603,start_connected_robot_center_grid,161,34.0,0,136,10,0.07352941176470588,,forward,10.948661947622895
1079,11262,67.4375,0.09580891493518025,start_connected_robot_center_grid,162,34.25,0,137,10,0.072992700729927,,forward,1.1635150294750929
1082,11262,67.625,0.0960752974604866,start_connected_robot_center_grid,163,34.5,0,138,10,0.07246376811594203,,forward,1.236863899976015
1085,11262,67.8125,0.09634167998579293,start_connected_robot_center_grid,164,34.75,0,139,10,0.07194244604316546,,forward,1.2038839049637318
1088,11262,68.0,0.09660806251109927,start_connected_robot_center_grid,165,35.0,0,140,10,0.07142857142857142,,forward,1.1569471098482609
1091,11262,68.1875,0.09687444503640562,start_connected_robot_center_grid,166,35.25,0,141,10,0.07092198581560284,,forward,1.1453952174633741
1094,11262,68.375,0.09714082756171195,start_connected_robot_center_grid,167,35.5,0,142,10,0.07042253521126761,,forward,1.1782278306782246
1097,11262,68.5625,0.09740721008701829,start_connected_robot_center_grid,168,35.75,0,143,10,0.06993006993006994,,forward,1.192981144413352
1100,11262,68.75,0.09767359261232463,start_connected_robot_center_grid,169,36.0,0,144,10,0.06944444444444445,,forward,1.1262448970228434
1103,11262,68.9375,0.09793997513763097,start_connected_robot_center_grid,170,36.25,0,145,10,0.06896551724137931,,forward,1.1437679640948772
1106,11262,69.125,0.09820635766293731,start_connected_robot_center_grid,171,36.5,0,146,10,0.0684931506849315,,forward,11.504694819450378
1109,11262,69.3125,0.09847274018824365,start_connected_robot_center_grid,172,36.75,0,147,10,0.06802721088435375,,forward,1.222733873873949
1112,11262,69.5,0.09873912271355,start_connected_robot_center_grid,173,37.0,0,148,10,0.06756756756756757,,forward,1.1689809616655111
1112,11262,69.5,0.09873912271355,start_connected_robot_center_grid,174,37.0,0,148,10,0.06756756756756757,,right,16.59851218573749
1112,11262,69.5,0.09873912271355,start_connected_robot_center_grid,175,37.0,0,148,10,0.06756756756756757,,right,1.2646520044654608
1112,11262,69.5,0.09873912271355,start_connected_robot_center_grid,176,37.25,0,149,11,0.0738255033557047,,forward,1.3531048316508532
1112,11262,69.5,0.09873912271355,start_connected_robot_center_grid,177,37.5,0,150,12,0.08,,forward,1.156758051365614
1112,11262,69.5,0.09873912271355,start_connected_robot_center_grid,178,37.75,0,151,13,0.08609271523178808,,forward,1.1642889585345984
1124,11262,70.25,0.09980465281477535,start_connected_robot_center_grid,179,37.75,0,151,13,0.08609271523178808,,right,1.1739169713109732
1131,11262,70.6875,0.10042621204049014,start_connected_robot_center_grid,180,38.0,0,152,13,0.08552631578947369,,forward,1.1755689047276974
1139,11262,71.1875,0.10113656544130704,start_connected_robot_center_grid,181,38.25,0,153,13,0.08496732026143791,,forward,11.39772986061871
1147,11262,71.6875,0.10184691884212396,start_connected_robot_center_grid,182,38.5,0,154,13,0.08441558441558442,,forward,1.1908591259270906
1156,11262,72.25,0.10264606641804298,start_connected_robot_center_grid,183,38.75,0,155,13,0.08387096774193549,,forward,1.1735220905393362
1165,11262,72.8125,0.10344521399396199,start_connected_robot_center_grid,184,39.0,0,156,13,0.08333333333333333,,forward,1.1354060843586922
1174,11262,73.375,0.10424436156988101,start_connected_robot_center_grid,185,39.25,0,157,13,0.08280254777070063,,forward,1.1423567775636911
1183,11262,73.9375,0.10504350914580003,start_connected_robot_center_grid,186,39.5,0,158,13,0.08227848101265822,,forward,1.1589610949158669
1192,11262,74.5,0.10584265672171905,start_connected_robot_center_grid,187,39.75,0,159,13,0.08176100628930817,,forward,1.1379660572856665
1192,11262,74.5,0.10584265672171905,start_connected_robot_center_grid,188,39.75,0,159,13,0.08176100628930817,,left,16.720030922442675
1192,11262,74.5,0.10584265672171905,start_connected_robot_center_grid,189,40.0,0,160,13,0.08125,,forward,1.1302349157631397
1192,11262,74.5,0.10584265672171905,start_connected_robot_center_grid,190,40.25,0,161,13,0.08074534161490683,,forward,1.1637411080300808
1192,11262,74.5,0.10584265672171905,start_connected_robot_center_grid,191,40.5,0,162,13,0.08024691358024691,,forward,11.884781066328287
1192,11262,74.5,0.10584265672171905,start_connected_robot_center_grid,192,40.75,0,163,13,0.07975460122699386,,forward,1.1951748747378588
1192,11262,74.5,0.10584265672171905,start_connected_robot_center_grid,193,41.0,0,164,13,0.07926829268292683,,forward,1.1672310065478086
1192,11262,74.5,0.10584265672171905,start_connected_robot_center_grid,194,41.25,0,165,13,0.07878787878787878,,forward,1.1189740616828203
1192,11262,74.5,0.10584265672171905,start_connected_robot_center_grid,195,41.5,0,166,13,0.0783132530120482,,forward,1.141378190368414
1192,11262,74.5,0.10584265672171905,start_connected_robot_center_grid,196,41.75,0,167,13,0.07784431137724551,,forward,1.1300169862806797
1200,11262,75.0,0.10655301012253596,start_connected_robot_center_grid,197,41.75,0,167,13,0.07784431137724551,,right,1.114611979573965
1205,11262,75.3125,0.10699698099804653,start_connected_robot_center_grid,198,42.0,0,168,13,0.07738095238095238,,forward,1.1282931081950665
1212,11262,75.75,0.10761854022376133,start_connected_robot_center_grid,199,42.25,0,169,13,0.07692307692307693,,forward,1.1386889964342117
1220,11262,76.25,0.10832889362457823,start_connected_robot_center_grid,200,42.5,0,170,13,0.07647058823529412,,forward,1.1290130205452442
1220,11262,76.25,0.10832889362457823,start_connected_robot_center_grid,201,42.5,0,170,13,0.07647058823529412,,left,11.961880140006542
1220,11262,76.25,0.10832889362457823,start_connected_robot_center_grid,202,42.5,0,170,13,0.07647058823529412,,right,16.99352590367198
1228,11262,76.75,0.10903924702539514,start_connected_robot_center_grid,203,42.75,0,171,13,0.07602339181286549,,forward,1.146746100857854
1237,11262,77.3125,0.10983839460131416,start_connected_robot_center_grid,204,43.0,0,172,13,0.0755813953488372,,forward,1.1716850567609072
1246,11262,77.875,0.11063754217723318,start_connected_robot_center_grid,205,43.25,0,173,13,0.07514450867052024,,forward,1.1373579036444426
1255,11262,78.4375,0.1114366897531522,start_connected_robot_center_grid,206,43.5,0,174,13,0.07471264367816093,,forward,1.149314921349287
1264,11262,79.0,0.11223583732907122,start_connected_robot_center_grid,207,43.75,0,175,13,0.07428571428571429,,forward,1.1492380872368813
1273,11262,79.5625,0.11303498490499023,start_connected_robot_center_grid,208,44.0,0,176,13,0.07386363636363637,,forward,1.1393360327929258
1282,11262,80.125,0.11383413248090925,start_connected_robot_center_grid,209,44.25,0,177,13,0.07344632768361582,,forward,1.1735961306840181
1291,11262,80.6875,0.11463328005682827,start_connected_robot_center_grid,210,44.5,0,178,13,0.07303370786516854,,forward,1.1333499569445848
1300,11262,81.25,0.11543242763274729,start_connected_robot_center_grid,211,44.75,0,179,13,0.07262569832402235,,forward,12.375828111544251
1309,11262,81.8125,0.11623157520866631,start_connected_robot_center_grid,212,45.0,0,180,13,0.07222222222222222,,forward,1.1759358458220959
1319,11262,82.4375,0.11711951695968745,start_connected_robot_center_grid,213,45.25,0,181,13,0.0718232044198895,,forward,1.202483894303441
1331,11262,83.1875,0.1181850470609128,start_connected_robot_center_grid,214,45.5,0,182,13,0.07142857142857142,,forward,1.173126045614481
1331,11262,83.1875,0.1181850470609128,start_connected_robot_center_grid,215,45.5,0,182,13,0.07142857142857142,,right,17.49237417243421
1331,11262,83.1875,0.1181850470609128,start_connected_robot_center_grid,216,45.5,0,182,13,0.07142857142857142,,left,17.813864862546325
1342,11262,83.875,0.11916178298703604,start_connected_robot_center_grid,217,45.75,0,183,13,0.07103825136612021,,forward,1.1588269844651222
1351,11262,84.4375,0.11996093056295506,start_connected_robot_center_grid,218,46.0,0,184,13,0.07065217391304347,,forward,1.178276026621461
1360,11262,85.0,0.12076007813887409,start_connected_robot_center_grid,219,46.25,0,185,13,0.07027027027027027,,forward,1.1899650562554598
1369,11262,85.5625,0.1215592257147931,start_connected_robot_center_grid,220,46.5,0,186,13,0.06989247311827956,,forward,1.1854269541800022
1379,11262,86.1875,0.12244716746581424,start_connected_robot_center_grid,221,46.75,0,187,13,0.06951871657754011,,forward,12.935374164953828
1390,11262,86.875,0.12342390339193748,start_connected_robot_center_grid,222,47.0,0,188,13,0.06914893617021277,,forward,1.217150129377842
1402,11262,87.625,0.12448943349316285,start_connected_robot_center_grid,223,47.25,0,189,13,0.06878306878306878,,forward,1.1397970374673605
1411,11262,88.1875,0.12528858106908186,start_connected_robot_center_grid,224,47.5,0,190,13,0.06842105263157895,,forward,1.1242229957133532
1420,11262,88.75,0.1260877286450009,start_connected_robot_center_grid,225,47.75,0,191,13,0.06806282722513089,,forward,1.1339171323925257
1429,11262,89.3125,0.1268868762209199,start_connected_robot_center_grid,226,48.0,0,192,13,0.06770833333333333,,forward,1.118913060054183
1438,11262,89.875,0.12768602379683894,start_connected_robot_center_grid,227,48.25,0,193,13,0.06735751295336788,,forward,1.152204116806388
1447,11262,90.4375,0.12848517137275794,start_connected_robot_center_grid,228,48.5,0,194,13,0.06701030927835051,,forward,1.162623055279255
1469,11262,91.8125,0.13043864322500445,start_connected_robot_center_grid,229,48.5,0,194,13,0.06701030927835051,,left,18.572356086224318
1469,11262,91.8125,0.13043864322500445,start_connected_robot_center_grid,230,48.5,0,194,13,0.06701030927835051,,right,18.538835924118757
1479,11262,92.4375,0.13132658497602556,start_connected_robot_center_grid,231,48.5,0,194,13,0.06701030927835051,,right,13.458306901156902
1479,11262,92.4375,0.13132658497602556,start_connected_robot_center_grid,232,48.5,0,194,13,0.06701030927835051,,left,18.802001839503646
1488,11262,93.0,0.1321257325519446,start_connected_robot_center_grid,233,48.75,0,195,13,0.06666666666666667,,forward,1.1590849608182907
1497,11262,93.5625,0.1329248801278636,start_connected_robot_center_grid,234,49.0,0,196,13,0.0663265306122449,,forward,1.2016959954053164
1506,11262,94.125,0.13372402770378264,start_connected_robot_center_grid,235,49.25,0,197,13,0.06598984771573604,,forward,1.1719618923962116
1515,11262,94.6875,0.13452317527970165,start_connected_robot_center_grid,236,49.5,0,198,13,0.06565656565656566,,forward,1.16493902169168
1524,11262,95.25,0.13532232285562068,start_connected_robot_center_grid,237,49.75,0,199,13,0.06532663316582915,,forward,1.1627210769802332
1533,11262,95.8125,0.1361214704315397,start_connected_robot_center_grid,238,50.0,0,200,13,0.065,,forward,1.1615329422056675
1542,11262,96.375,0.13692061800745872,start_connected_robot_center_grid,239,50.25,0,201,13,0.06467661691542288,,forward,1.1647599749267101
1551,11262,96.9375,0.13771976558337773,start_connected_robot_center_grid,240,50.5,0,202,13,0.06435643564356436,,forward,1.167310168966651
1560,11262,97.5,0.13851891315929676,start_connected_robot_center_grid,241,50.75,0,203,13,0.06403940886699508,,forward,14.165099011734128
1569,11262,98.0625,0.13931806073521577,start_connected_robot_center_grid,242,51.0,0,204,13,0.06372549019607843,,forward,1.2239350471645594
1578,11262,98.625,0.14011720831113478,start_connected_robot_center_grid,243,51.25,0,205,13,0.06341463414634146,,forward,1.2165450025349855
1587,11262,99.1875,0.1409163558870538,start_connected_robot_center_grid,244,51.5,0,206,13,0.06310679611650485,,forward,1.1851091403514147
1587,11262,99.1875,0.1409163558870538,start_connected_robot_center_grid,245,51.5,0,206,13,0.06310679611650485,,right,19.32321977801621
1587,11262,99.1875,0.1409163558870538,start_connected_robot_center_grid,246,51.75,0,207,13,0.06280193236714976,,forward,19.58846184425056
1587,11262,99.1875,0.1409163558870538,start_connected_robot_center_grid,247,52.0,0,208,13,0.0625,,forward,1.1712280102074146
1587,11262,99.1875,0.1409163558870538,start_connected_robot_center_grid,248,52.25,0,209,13,0.06220095693779904,,forward,1.18861417286098
1587,11262,99.1875,0.1409163558870538,start_connected_robot_center_grid,249,52.5,0,210,13,0.06190476190476191,,forward,1.1640461161732674
1587,11262,99.1875,0.1409163558870538,start_connected_robot_center_grid,250,52.75,0,211,13,0.061611374407582936,,forward,1.1781980283558369
1587,11262,99.1875,0.1409163558870538,start_connected_robot_center_grid,251,53.0,0,212,13,0.06132075471698113,,forward,14.368253061547875
1587,11262,99.1875,0.1409163558870538,start_connected_robot_center_grid,252,53.25,0,213,13,0.06103286384976526,,forward,1.2265278492122889
1587,11262,99.1875,0.1409163558870538,start_connected_robot_center_grid,253,53.5,0,214,13,0.06074766355140187,,forward,1.2163999490439892
1587,11262,99.1875,0.1409163558870538,start_connected_robot_center_grid,254,53.5,0,214,13,0.06074766355140187,,right,1.1689611710608006
1587,11262,99.1875,0.1409163558870538,start_connected_robot_center_grid,255,53.75,0,215,13,0.06046511627906977,,forward,1.144791953265667
1587,11262,99.1875,0.1409163558870538,start_connected_robot_center_grid,256,54.0,0,216,13,0.06018518518518518,,forward,1.2157380115240812
1587,11262,99.1875,0.1409163558870538,start_connected_robot_center_grid,257,54.25,0,217,13,0.059907834101382486,,forward,1.1722890194505453
1587,11262,99.1875,0.1409163558870538,start_connected_robot_center_grid,258,54.5,0,218,13,0.05963302752293578,,forward,1.1869340669363737
1587,11262,99.1875,0.1409163558870538,start_connected_robot_center_grid,259,54.75,0,219,13,0.0593607305936073,,forward,1.1659970041364431
1587,11262,99.1875,0.1409163558870538,start_connected_robot_center_grid,260,55.0,0,220,13,0.05909090909090909,,forward,1.204438041895628
1587,11262,99.1875,0.1409163558870538,start_connected_robot_center_grid,261,55.25,0,221,13,0.058823529411764705,,forward,14.401688007637858
1588,11262,99.25,0.14100515006215592,start_connected_robot_center_grid,262,55.5,0,222,13,0.05855855855855856,,forward,1.2020820286124945
1590,11262,99.375,0.14118273841236015,start_connected_robot_center_grid,263,55.75,0,223,13,0.05829596412556054,,forward,1.1810141149908304
1590,11262,99.375,0.14118273841236015,start_connected_robot_center_grid,264,56.0,0,224,13,0.05803571428571429,,forward,1.2283839751034975
1590,11262,99.375,0.14118273841236015,start_connected_robot_center_grid,265,56.25,0,225,13,0.057777777777777775,,forward,1.155816949903965
1590,11262,99.375,0.14118273841236015,start_connected_robot_center_grid,266,56.5,0,226,13,0.05752212389380531,,forward,1.1548420879989862
1611,11262,100.6875,0.14304741608950453,start_connected_robot_center_grid,267,56.5,0,226,13,0.05752212389380531,,left,1.1655630078166723
1614,11262,100.875,0.14331379861481086,start_connected_robot_center_grid,268,56.75,0,227,13,0.05726872246696035,,forward,1.158732920885086
1617,11262,101.0625,0.1435801811401172,start_connected_robot_center_grid,269,57.0,0,228,13,0.05701754385964912,,forward,1.1484441347420216
1620,11262,101.25,0.14384656366542356,start_connected_robot_center_grid,270,57.25,0,229,13,0.056768558951965066,,forward,1.1550209019333124
1626,11262,101.625,0.14437932871603623,start_connected_robot_center_grid,271,57.5,0,230,13,0.05652173913043478,,forward,14.759571058675647
1634,11262,102.125,0.14508968211685314,start_connected_robot_center_grid,272,57.75,0,231,13,0.05627705627705628,,forward,19.701554905623198
1642,11262,102.625,0.14580003551767004,start_connected_robot_center_grid,273,58.0,0,232,13,0.05603448275862069,,forward,1.2169748079031706
1650,11262,103.125,0.14651038891848694,start_connected_robot_center_grid,274,58.25,0,233,13,0.055793991416309016,,forward,1.2265751138329506
1663,11262,103.9375,0.14766471319481442,start_connected_robot_center_grid,275,58.5,0,234,13,0.05555555555555555,,forward,1.2110581155866385
1673,11262,104.5625,0.14855265494583555,start_connected_robot_center_grid,276,58.75,0,235,13,0.05531914893617021,,forward,1.173095079138875
1681,11262,105.0625,0.14926300834665246,start_connected_robot_center_grid,277,59.0,0,236,13,0.05508474576271186,,forward,1.1617280542850494
1689,11262,105.5625,0.14997336174746936,start_connected_robot_center_grid,278,59.25,0,237,13,0.05485232067510549,,forward,1.1782399378716946
1700,11262,106.25,0.1509500976735926,start_connected_robot_center_grid,279,59.5,0,238,13,0.0546218487394958,,forward,1.1633518151938915
1700,11262,106.25,0.1509500976735926,start_connected_robot_center_grid,280,59.75,0,239,13,0.05439330543933055,,forward,1.190205104649067
1700,11262,106.25,0.1509500976735926,start_connected_robot_center_grid,281,60.0,0,240,13,0.05416666666666667,,forward,15.301038976758718
1700,11262,106.25,0.1509500976735926,start_connected_robot_center_grid,282,60.25,0,241,13,0.05394190871369295,,forward,1.2050019577145576
1700,11262,106.25,0.1509500976735926,start_connected_robot_center_grid,283,60.5,0,242,13,0.05371900826446281,,forward,1.2064771726727486
1734,11262,108.375,0.15396909962706445,start_connected_robot_center_grid,284,60.5,0,242,13,0.05371900826446281,,left,20.55715420283377
1734,11262,108.375,0.15396909962706445,start_connected_robot_center_grid,285,60.5,0,242,13,0.05371900826446281,,right,20.589802879840136
1759,11262,109.9375,0.1561889540046173,start_connected_robot_center_grid,286,60.5,0,242,13,0.05371900826446281,,right,1.1983681470155716
1765,11262,110.3125,0.15672171905522997,start_connected_robot_center_grid,287,60.75,0,243,13,0.053497942386831275,,forward,20.737073849886656
1771,11262,110.6875,0.15725448410584267,start_connected_robot_center_grid,288,61.0,0,244,13,0.05327868852459016,,forward,1.1859929654747248
1777,11262,111.0625,0.15778724915645534,start_connected_robot_center_grid,289,61.25,0,245,13,0.053061224489795916,,forward,1.2336140498518944
1782,11262,111.375,0.1582312200319659,start_connected_robot_center_grid,290,61.5,0,246,13,0.052845528455284556,,forward,1.2027840130031109
1782,11262,111.375,0.1582312200319659,start_connected_robot_center_grid,291,61.75,0,247,13,0.05263157894736842,,forward,15.801558969542384
1782,11262,111.375,0.1582312200319659,start_connected_robot_center_grid,292,62.0,0,248,13,0.05241935483870968,,forward,1.2101088650524616
1782,11262,111.375,0.1582312200319659,start_connected_robot_center_grid,293,62.25,0,249,13,0.05220883534136546,,forward,1.1919108219444752
1782,11262,111.375,0.1582312200319659,start_connected_robot_center_grid,294,62.5,0,250,13,0.052,,forward,1.1964659206569195
1782,11262,111.375,0.1582312200319659,start_connected_robot_center_grid,295,62.75,0,251,13,0.05179282868525897,,forward,1.1609620414674282
1782,11262,111.375,0.1582312200319659,start_connected_robot_center_grid,296,63.0,0,252,13,0.051587301587301584,,forward,1.190805807709694
1782,11262,111.375,0.1582312200319659,start_connected_robot_center_grid,297,63.25,0,253,13,0.05138339920948617,,forward,1.171658979728818
1782,11262,111.375,0.1582312200319659,start_connected_robot_center_grid,298,63.5,0,254,13,0.051181102362204724,,forward,1.2030021753162146
1782,11262,111.375,0.1582312200319659,start_connected_robot_center_grid,299,63.5,0,254,13,0.051181102362204724,,right,21.046100882813334
1782,11262,111.375,0.1582312200319659,start_connected_robot_center_grid,300,63.5,0,254,13,0.051181102362204724,,right,1.1839179787784815
1782,11262,111.375,0.1582312200319659,start_connected_robot_center_grid,301,63.75,0,255,14,0.054901960784313725,,forward,15.92934993095696
1782,11262,111.375,0.1582312200319659,start_connected_robot_center_grid,302,64.0,0,256,15,0.05859375,,forward,1.223861938342452
1782,11262,111.375,0.1582312200319659,start_connected_robot_center_grid,303,64.25,0,257,16,0.0622568093385214,,forward,1.2084341142326593
1782,11262,111.375,0.1582312200319659,start_connected_robot_center_grid,304,64.5,0,258,17,0.06589147286821706,,forward,1.1760338675230742
1782,11262,111.375,0.1582312200319659,start_connected_robot_center_grid,305,64.75,0,259,18,0.0694980694980695,,forward,1.1572118382900953
1782,11262,111.375,0.1582312200319659,start_connected_robot_center_grid,306,65.0,0,260,19,0.07307692307692308,,forward,1.1514639481902122
1782,11262,111.375,0.1582312200319659,start_connected_robot_center_grid,307,65.25,0,261,20,0.07662835249042145,,forward,1.1628379579633474
1782,11262,111.375,0.1582312200319659,start_connected_robot_center_grid,308,65.5,0,262,21,0.08015267175572519,,forward,1.1674340348690748
1782,11262,111.375,0.1582312200319659,start_connected_robot_center_grid,309,65.75,0,263,22,0.08365019011406843,,forward,1.1891969479620457
1782,11262,111.375,0.1582312200319659,start_connected_robot_center_grid,310,66.0,0,264,23,0.08712121212121213,,forward,1.188834896311164
1782,11262,111.375,0.1582312200319659,start_connected_robot_center_grid,311,66.25,0,265,24,0.09056603773584905,,forward,15.761173097416759
1782,11262,111.375,0.1582312200319659,start_connected_robot_center_grid,312,66.5,0,266,25,0.09398496240601503,,forward,1.2120830360800028
1787,11262,111.6875,0.15867519090747648,start_connected_robot_center_grid,313,66.75,0,267,25,0.09363295880149813,,forward,1.2066629715263844
1787,11262,111.6875,0.15867519090747648,start_connected_robot_center_grid,314,67.0,0,268,25,0.09328358208955224,,forward,1.1924828868359327
1787,11262,111.6875,0.15867519090747648,start_connected_robot_center_grid,315,67.25,0,269,25,0.09293680297397769,,forward,1.1563359294086695
1787,11262,111.6875,0.15867519090747648,start_connected_robot_center_grid,316,67.5,0,270,25,0.09259259259259259,,forward,1.1917888186872005
1787,11262,111.6875,0.15867519090747648,start_connected_robot_center_grid,317,67.75,0,271,25,0.09225092250922509,,forward,1.1913070920854807
1787,11262,111.6875,0.15867519090747648,start_connected_robot_center_grid,318,68.0,0,272,25,0.09191176470588236,,forward,1.1827899143099785
1787,11262,111.6875,0.15867519090747648,start_connected_robot_center_grid,319,68.25,0,273,25,0.09157509157509157,,forward,1.1820860672742128
1787,11262,111.6875,0.15867519090747648,start_connected_robot_center_grid,320,68.5,0,274,25,0.09124087591240876,,forward,1.2157598976045847
1787,11262,111.6875,0.15867519090747648,start_connected_robot_center_grid,321,68.75,0,275,25,0.09090909090909091,,forward,15.996307833120227
1787,11262,111.6875,0.15867519090747648,start_connected_robot_center_grid,322,69.0,0,276,25,0.09057971014492754,,forward,1.221159938722849
1787,11262,111.6875,0.15867519090747648,start_connected_robot_center_grid,323,69.25,0,277,25,0.09025270758122744,,forward,1.1928349267691374
1787,11262,111.6875,0.15867519090747648,start_connected_robot_center_grid,324,69.5,0,278,25,0.08992805755395683,,forward,1.1686310172080994
1787,11262,111.6875,0.15867519090747648,start_connected_robot_center_grid,325,69.5,0,278,25,0.08992805755395683,,left,21.516587119549513
1787,11262,111.6875,0.15867519090747648,start_connected_robot_center_grid,326,69.75,0,279,25,0.08960573476702509,,forward,1.2211848516017199
1787,11262,111.6875,0.15867519090747648,start_connected_robot_center_grid,327,69.75,0,279,25,0.08960573476702509,,left,1.2493140529841185
1787,11262,111.6875,0.15867519090747648,start_connected_robot_center_grid,328,70.0,0,280,25,0.08928571428571429,,forward,1.2449650093913078
1787,11262,111.6875,0.15867519090747648,start_connected_robot_center_grid,329,70.25,0,281,25,0.08896797153024912,,forward,1.2216169852763414
1787,11262,111.6875,0.15867519090747648,start_connected_robot_center_grid,330,70.5,0,282,25,0.08865248226950355,,forward,1.166247995570302
1787,11262,111.6875,0.15867519090747648,start_connected_robot_center_grid,331,70.75,0,283,25,0.08833922261484099,,forward,16.020767157897353
1787,11262,111.6875,0.15867519090747648,start_connected_robot_center_grid,332,71.0,0,284,25,0.0880281690140845,,forward,1.1991900391876698
1787,11262,111.6875,0.15867519090747648,start_connected_robot_center_grid,333,71.25,0,285,25,0.08771929824561403,,forward,1.179852057248354
1787,11262,111.6875,0.15867519090747648,start_connected_robot_center_grid,334,71.5,0,286,25,0.08741258741258741,,forward,1.228995155543089
1787,11262,111.6875,0.15867519090747648,start_connected_robot_center_grid,335,71.75,0,287,25,0.08710801393728224,,forward,1.1632128152996302
1787,11262,111.6875,0.15867519090747648,start_connected_robot_center_grid,336,72.0,0,288,25,0.08680555555555555,,forward,1.1979599948972464
1787,11262,111.6875,0.15867519090747648,start_connected_robot_center_grid,337,72.25,0,289,25,0.08650519031141868,,forward,1.162542961537838
1787,11262,111.6875,0.15867519090747648,start_connected_robot_center_grid,338,72.5,0,290,25,0.08620689655172414,,forward,1.2121349573135376
1787,11262,111.6875,0.15867519090747648,start_connected_robot_center_grid,339,72.75,0,291,26,0.08934707903780069,,forward,1.1987811885774136
1787,11262,111.6875,0.15867519090747648,start_connected_robot_center_grid,340,72.75,0,291,26,0.08934707903780069,,right,1.1802669614553452
1787,11262,111.6875,0.15867519090747648,start_connected_robot_center_grid,341,73.0,0,292,27,0.09246575342465753,,forward,15.921373153105378
1787,11262,111.6875,0.15867519090747648,start_connected_robot_center_grid,342,73.25,0,293,28,0.09556313993174062,,forward,1.2188220862299204
1787,11262,111.6875,0.15867519090747648,start_connected_robot_center_grid,343,73.5,0,294,29,0.09863945578231292,,forward,1.2328820303082466
1787,11262,111.6875,0.15867519090747648,start_connected_robot_center_grid,344,73.75,0,295,30,0.1016949152542373,,forward,1.2082438915967941
1787,11262,111.6875,0.15867519090747648,start_connected_robot_center_grid,345,74.0,0,296,31,0.10472972972972973,,forward,1.1903229169547558
1787,11262,111.6875,0.15867519090747648,start_connected_robot_center_grid,346,74.25,0,297,32,0.10774410774410774,,forward,1.1654761619865894
1787,11262,111.6875,0.15867519090747648,start_connected_robot_center_grid,347,74.5,0,298,33,0.11073825503355705,,forward,1.1448708828538656
1787,11262,111.6875,0.15867519090747648,start_connected_robot_center_grid,348,74.75,0,299,34,0.11371237458193979,,forward,1.1421919334679842
1787,11262,111.6875,0.15867519090747648,start_connected_robot_center_grid,349,75.0,0,300,35,0.11666666666666667,,forward,1.1470429599285126
1787,11262,111.6875,0.15867519090747648,start_connected_robot_center_grid,350,75.25,0,301,36,0.11960132890365449,,forward,1.179747050628066
1787,11262,111.6875,0.15867519090747648,start_connected_robot_center_grid,351,75.5,0,302,37,0.12251655629139073,,forward,15.969834988936782
1787,11262,111.6875,0.15867519090747648,start_connected_robot_center_grid,352,75.75,0,303,38,0.1254125412541254,,forward,1.2467040214687586
1787,11262,111.6875,0.15867519090747648,start_connected_robot_center_grid,353,76.0,0,304,39,0.12828947368421054,,forward,1.198258949443698
1787,11262,111.6875,0.15867519090747648,start_connected_robot_center_grid,354,76.25,0,305,40,0.13114754098360656,,forward,1.1941411066800356
1787,11262,111.6875,0.15867519090747648,start_connected_robot_center_grid,355,76.5,0,306,41,0.13398692810457516,,forward,1.1687190271914005
1787,11262,111.6875,0.15867519090747648,start_connected_robot_center_grid,356,76.5,0,306,41,0.13398692810457516,,right,1.1840590741485357
1787,11262,111.6875,0.15867519090747648,start_connected_robot_center_grid,357,76.75,0,307,42,0.13680781758957655,,forward,1.1865920387208462
1787,11262,111.6875,0.15867519090747648,start_connected_robot_center_grid,358,77.0,0,308,43,0.1396103896103896,,forward,1.184626016765833
1787,11262,111.6875,0.15867519090747648,start_connected_robot_center_grid,359,77.25,0,309,44,0.1423948220064725,,forward,1.1728978715837002
1787,11262,111.6875,0.15867519090747648,start_connected_robot_center_grid,360,77.5,0,310,45,0.14516129032258066,,forward,1.171740936115384
1787,11262,111.6875,0.15867519090747648,start_connected_robot_center_grid,361,77.75,0,311,46,0.14790996784565916,,forward,16.031831968575716
1787,11262,111.6875,0.15867519090747648,start_connected_robot_center_grid,362,78.0,0,312,47,0.15064102564102563,,forward,1.2241899967193604
1787,11262,111.6875,0.15867519090747648,start_connected_robot_center_grid,363,78.25,0,313,48,0.15335463258785942,,forward,1.18978600949049
1787,11262,111.6875,0.15867519090747648,start_connected_robot_center_grid,364,78.5,0,314,49,0.15605095541401273,,forward,1.1753181461244822
1788,11262,111.75,0.15876398508257858,start_connected_robot_center_grid,365,78.75,0,315,50,0.15873015873015872,,forward,1.1464320123195648
1789,11262,111.8125,0.1588527792576807,start_connected_robot_center_grid,366,79.0,0,316,51,0.16139240506329114,,forward,1.1884670238941908
1791,11262,111.9375,0.15903036760788491,start_connected_robot_center_grid,367,79.25,0,317,52,0.1640378548895899,,forward,1.3456400483846664
1795,11262,112.1875,0.15938554430829338,start_connected_robot_center_grid,368,79.5,0,318,53,0.16666666666666666,,forward,1.228356035426259
1800,11262,112.5,0.15982951518380395,start_connected_robot_center_grid,369,79.75,0,319,53,0.16614420062695925,,forward,1.1812460143119097
1807,11262,112.9375,0.16045107440951872,start_connected_robot_center_grid,370,80.0,0,320,53,0.165625,,forward,1.187311951071024
1815,11262,113.4375,0.16116142781033566,start_connected_robot_center_grid,371,80.25,0,321,53,0.16510903426791276,,forward,16.201660968363285
1823,11262,113.9375,0.16187178121115256,start_connected_robot_center_grid,372,80.5,0,322,53,0.16459627329192547,,forward,1.2058920692652464
1832,11262,114.5,0.16267092878707157,start_connected_robot_center_grid,373,80.75,0,323,53,0.16408668730650156,,forward,1.203163992613554
1841,11262,115.0625,0.16347007636299057,start_connected_robot_center_grid,374,81.0,0,324,53,0.16358024691358025,,forward,1.1834150645881891
1850,11262,115.625,0.1642692239389096,start_connected_robot_center_grid,375,81.25,0,325,53,0.16307692307692306,,forward,1.2886810582131147
1859,11262,116.1875,0.16506837151482862,start_connected_robot_center_grid,376,81.5,0,326,53,0.16257668711656442,,forward,1.168691087514162
1868,11262,116.75,0.16586751909074765,start_connected_robot_center_grid,377,81.75,0,327,53,0.1620795107033639,,forward,21.012550918385386
1877,11262,117.3125,0.16666666666666666,start_connected_robot_center_grid,378,82.0,0,328,53,0.16158536585365854,,forward,1.200192142277956
1887,11262,117.9375,0.1675546084176878,start_connected_robot_center_grid,379,82.25,0,329,53,0.16109422492401215,,forward,1.221241895109415
1899,11262,118.6875,0.16862013851891317,start_connected_robot_center_grid,380,82.5,0,330,53,0.1606060606060606,,forward,1.2122478801757097
1910,11262,119.375,0.1695968744450364,start_connected_robot_center_grid,381,82.75,0,331,53,0.16012084592145015,,forward,16.57532900571823
1919,11262,119.9375,0.1703960220209554,start_connected_robot_center_grid,382,83.0,0,332,53,0.15963855421686746,,forward,1.2505101040005684
1928,11262,120.5,0.17119516959687445,start_connected_robot_center_grid,383,83.25,0,333,53,0.15915915915915915,,forward,1.2024140451103449
1937,11262,121.0625,0.17199431717279345,start_connected_robot_center_grid,384,83.5,0,334,53,0.15868263473053892,,forward,1.346426084637642
1947,11262,121.6875,0.1728822589238146,start_connected_robot_center_grid,385,83.75,0,335,53,0.1582089552238806,,forward,1.1879848316311836
1958,11262,122.375,0.17385899484993783,start_connected_robot_center_grid,386,84.0,0,336,53,0.15773809523809523,,forward,1.2137079611420631
1970,11262,123.125,0.1749245249511632,start_connected_robot_center_grid,387,84.25,0,337,53,0.1572700296735905,,forward,1.1852388270199299
1979,11262,123.6875,0.17572367252708224,start_connected_robot_center_grid,388,84.5,0,338,53,0.15680473372781065,,forward,1.1943550780415535
1988,11262,124.25,0.17652282010300124,start_connected_robot_center_grid,389,84.5,0,338,53,0.15680473372781065,,left,21.70119504444301
1988,11262,124.25,0.17652282010300124,start_connected_robot_center_grid,390,84.5,0,338,53,0.15680473372781065,,right,22.088394965976477
1997,11262,124.8125,0.17732196767892025,start_connected_robot_center_grid,391,84.75,0,339,53,0.15634218289085547,,forward,17.15201698243618
2006,11262,125.375,0.17812111525483929,start_connected_robot_center_grid,392,85.0,0,340,53,0.15588235294117647,,forward,1.2395891826599836
2028,11262,126.75,0.18007458710708577,start_connected_robot_center_grid,393,85.0,0,340,53,0.15588235294117647,,right,1.2210949789732695
2031,11262,126.9375,0.18034096963239213,start_connected_robot_center_grid,394,85.25,0,341,53,0.15542521994134897,,forward,1.1937699746340513
2034,11262,127.125,0.18060735215769846,start_connected_robot_center_grid,395,85.5,0,342,53,0.15497076023391812,,forward,1.1797130573540926
2037,11262,127.3125,0.1808737346830048,start_connected_robot_center_grid,396,85.75,0,343,53,0.15451895043731778,,forward,1.1911340989172459
2037,11262,127.3125,0.1808737346830048,start_connected_robot_center_grid,397,85.75,0,343,53,0.15451895043731778,,right,21.870333002880216
2037,11262,127.3125,0.1808737346830048,start_connected_robot_center_grid,398,85.75,0,343,53,0.15451895043731778,,right,1.2951209209859371
2037,11262,127.3125,0.1808737346830048,start_connected_robot_center_grid,399,86.0,0,344,54,0.1569767441860465,,forward,1.2289320584386587
2037,11262,127.3125,0.1808737346830048,start_connected_robot_center_grid,400,86.25,0,345,55,0.15942028985507245,,forward,1.2293211184442043
2038,11262,127.375,0.1809625288581069,start_connected_robot_center_grid,401,86.5,0,346,56,0.16184971098265896,,forward,17.988429870456457
2041,11262,127.5625,0.18122891138341324,start_connected_robot_center_grid,402,86.75,0,347,56,0.16138328530259366,,forward,1.2373470235615969
2044,11262,127.75,0.1814952939087196,start_connected_robot_center_grid,403,87.0,0,348,56,0.16091954022988506,,forward,1.217738026753068
2047,11262,127.9375,0.18176167643402594,start_connected_robot_center_grid,404,87.25,0,349,56,0.16045845272206305,,forward,1.2053220998495817
2050,11262,128.125,0.18202805895933227,start_connected_robot_center_grid,405,87.5,0,350,56,0.16,,forward,1.1813300661742687
2053,11262,128.3125,0.1822944414846386,start_connected_robot_center_grid,406,87.75,0,351,56,0.15954415954415954,,forward,1.2248950079083443
2056,11262,128.5,0.18256082400994494,start_connected_robot_center_grid,407,88.0,0,352,56,0.1590909090909091,,forward,1.1898339726030827
2059,11262,128.6875,0.18282720653525128,start_connected_robot_center_grid,408,88.25,0,353,56,0.15864022662889518,,forward,1.2026398908346891
2062,11262,128.875,0.18309358906055762,start_connected_robot_center_grid,409,88.5,0,354,56,0.15819209039548024,,forward,1.204577973112464
2065,11262,129.0625,0.18335997158586398,start_connected_robot_center_grid,410,88.75,0,355,56,0.15774647887323945,,forward,1.1953439097851515
2068,11262,129.25,0.18362635411117031,start_connected_robot_center_grid,411,89.0,0,356,56,0.15730337078651685,,forward,18.036118941381574
2071,11262,129.4375,0.18389273663647665,start_connected_robot_center_grid,412,89.25,0,357,56,0.1568627450980392,,forward,1.234804978594184
2072,11262,129.5,0.18398153081157875,start_connected_robot_center_grid,413,89.25,0,357,56,0.1568627450980392,,right,22.47553807683289
2072,11262,129.5,0.18398153081157875,start_connected_robot_center_grid,414,89.5,0,358,56,0.1564245810055866,,forward,1.309921033680439
2072,11262,129.5,0.18398153081157875,start_connected_robot_center_grid,415,89.75,0,359,56,0.15598885793871867,,forward,1.258766045793891
2072,11262,129.5,0.18398153081157875,start_connected_robot_center_grid,416,89.75,0,359,56,0.15598885793871867,,right,1.2267939746379852
2072,11262,129.5,0.18398153081157875,start_connected_robot_center_grid,417,90.0,0,360,56,0.15555555555555556,,forward,1.206141896545887
2072,11262,129.5,0.18398153081157875,start_connected_robot_center_grid,418,90.25,0,361,56,0.15512465373961218,,forward,1.1729630641639233
2072,11262,129.5,0.18398153081157875,start_connected_robot_center_grid,419,90.5,0,362,56,0.15469613259668508,,forward,1.2046638876199722
2091,11262,130.6875,0.18566862013851892,start_connected_robot_center_grid,420,90.5,0,362,56,0.15469613259668508,,left,1.1810131836682558
2099,11262,131.1875,0.18637897353933583,start_connected_robot_center_grid,421,90.75,0,363,56,0.15426997245179064,,forward,18.223261926323175
2107,11262,131.6875,0.18708932694015273,start_connected_robot_center_grid,422,91.0,0,364,56,0.15384615384615385,,forward,1.245133113116026
2116,11262,132.25,0.18788847451607174,start_connected_robot_center_grid,423,91.25,0,365,56,0.15342465753424658,,forward,1.2108241207897663
2124,11262,132.75,0.18859882791688865,start_connected_robot_center_grid,424,91.5,0,366,56,0.15300546448087432,,forward,1.2217850890010595
2128,11262,133.0,0.1889540046172971,start_connected_robot_center_grid,425,91.75,0,367,56,0.15258855585831063,,forward,1.1987779289484024
2130,11262,133.125,0.18913159296750134,start_connected_robot_center_grid,426,92.0,0,368,56,0.15217391304347827,,forward,1.2009539641439915
2131,11262,133.1875,0.18922038714260345,start_connected_robot_center_grid,427,92.25,0,369,56,0.15176151761517614,,forward,22.68073707818985
2131,11262,133.1875,0.18922038714260345,start_connected_robot_center_grid,428,92.5,0,370,56,0.15135135135135136,,forward,1.2034331448376179
2131,11262,133.1875,0.18922038714260345,start_connected_robot_center_grid,429,92.75,0,371,56,0.1509433962264151,,forward,1.199434045702219
2131,11262,133.1875,0.18922038714260345,start_connected_robot_center_grid,430,93.0,0,372,56,0.15053763440860216,,forward,1.2355558574199677
2131,11262,133.1875,0.18922038714260345,start_connected_robot_center_grid,431,93.0,0,372,56,0.15053763440860216,,right,18.691583070904016
2131,11262,133.1875,0.18922038714260345,start_connected_robot_center_grid,432,93.25,0,373,56,0.15013404825737264,,forward,1.2746909633278847
2131,11262,133.1875,0.18922038714260345,start_connected_robot_center_grid,433,93.5,0,374,56,0.1497326203208556,,forward,1.2161629274487495
2131,11262,133.1875,0.18922038714260345,start_connected_robot_center_grid,434,93.75,0,375,56,0.14933333333333335,,forward,1.215935917571187
2131,11262,133.1875,0.18922038714260345,start_connected_robot_center_grid,435,94.0,0,376,56,0.14893617021276595,,forward,1.191477058455348
2131,11262,133.1875,0.18922038714260345,start_connected_robot_center_grid,436,94.25,0,377,56,0.14854111405835543,,forward,1.224881038069725
2131,11262,133.1875,0.18922038714260345,start_connected_robot_center_grid,437,94.5,0,378,56,0.14814814814814814,,forward,1.1942770797759295
2131,11262,133.1875,0.18922038714260345,start_connected_robot_center_grid,438,94.75,0,379,56,0.14775725593667546,,forward,1.2071819510310888
2131,11262,133.1875,0.18922038714260345,start_connected_robot_center_grid,439,95.0,0,380,56,0.14736842105263157,,forward,1.1956689413636923
2131,11262,133.1875,0.18922038714260345,start_connected_robot_center_grid,440,95.0,0,380,56,0.14736842105263157,,right,23.28051207587123
2131,11262,133.1875,0.18922038714260345,start_connected_robot_center_grid,441,95.25,0,381,56,0.14698162729658792,,forward,18.37382302619517
2131,11262,133.1875,0.18922038714260345,start_connected_robot_center_grid,442,95.5,0,382,56,0.14659685863874344,,forward,1.2542030308395624
2131,11262,133.1875,0.18922038714260345,start_connected_robot_center_grid,443,95.75,0,383,56,0.1462140992167102,,forward,1.2430250644683838
2131,11262,133.1875,0.18922038714260345,start_connected_robot_center_grid,444,96.0,0,384,56,0.14583333333333334,,forward,1.205983106046915
2131,11262,133.1875,0.18922038714260345,start_connected_robot_center_grid,445,96.25,0,385,56,0.14545454545454545,,forward,1.1890940368175507
2131,11262,133.1875,0.18922038714260345,start_connected_robot_center_grid,446,96.5,0,386,56,0.14507772020725387,,forward,1.194031909108162
2131,11262,133.1875,0.18922038714260345,start_connected_robot_center_grid,447,96.75,0,387,56,0.14470284237726097,,forward,1.2171980924904346
2131,11262,133.1875,0.18922038714260345,start_connected_robot_center_grid,448,97.0,0,388,56,0.14432989690721648,,forward,1.2352787889540195
2131,11262,133.1875,0.18922038714260345,start_connected_robot_center_grid,449,97.25,0,389,56,0.14395886889460155,,forward,1.2252021115273237
2131,11262,133.1875,0.18922038714260345,start_connected_robot_center_grid,450,97.5,0,390,56,0.14358974358974358,,forward,1.1936549562960863
2131,11262,133.1875,0.18922038714260345,start_connected_robot_center_grid,451,97.5,0,390,56,0.14358974358974358,,left,18.740365048870444
2131,11262,133.1875,0.18922038714260345,start_connected_robot_center_grid,452,97.75,0,391,56,0.1432225063938619,,forward,1.2356520164757967
2131,11262,133.1875,0.18922038714260345,start_connected_robot_center_grid,453,98.0,0,392,56,0.14285714285714285,,forward,1.2308349832892418
2132,11262,133.25,0.18930918131770555,start_connected_robot_center_grid,454,98.25,0,393,56,0.14249363867684478,,forward,1.227380009368062
2137,11262,133.5625,0.18975315219321612,start_connected_robot_center_grid,455,98.5,0,394,56,0.14213197969543148,,forward,1.1984449811279774
2145,11262,134.0625,0.19046350559403302,start_connected_robot_center_grid,456,98.75,0,395,56,0.14177215189873418,,forward,1.213280949741602
2153,11262,134.5625,0.19117385899484993,start_connected_robot_center_grid,457,99.0,0,396,56,0.1414141414141414,,forward,1.1974130757153034
2161,11262,135.0625,0.19188421239566683,start_connected_robot_center_grid,458,99.25,0,397,56,0.14105793450881612,,forward,1.3458339963108301
2174,11262,135.875,0.1930385366719943,start_connected_robot_center_grid,459,99.5,0,398,56,0.1407035175879397,,forward,1.2295530177652836
2185,11262,136.5625,0.19401527259811757,start_connected_robot_center_grid,460,99.75,0,399,56,0.14035087719298245,,forward,1.2034429237246513
2202,11262,137.625,0.19552477357485348,start_connected_robot_center_grid,461,100.0,0,400,56,0.14,,forward,19.12671490572393
2223,11262,138.9375,0.19738945125199786,start_connected_robot_center_grid,462,100.25,0,401,56,0.1396508728179551,,forward,1.2618780601769686
2249,11262,140.5625,0.1996980998046528,start_connected_robot_center_grid,463,100.5,0,402,56,0.13930348258706468,,forward,1.3144928961992264
2266,11262,141.625,0.20120760078138875,start_connected_robot_center_grid,464,100.75,0,403,56,0.13895781637717122,,forward,1.247589010745287
2283,11262,142.6875,0.20271710175812466,start_connected_robot_center_grid,465,101.0,0,404,56,0.13861386138613863,,forward,1.2186761014163494
2311,11262,144.4375,0.20520333866098384,start_connected_robot_center_grid,466,101.0,0,404,56,0.13861386138613863,,left,23.973810020834208
2311,11262,144.4375,0.20520333866098384,start_connected_robot_center_grid,467,101.0,0,404,56,0.13861386138613863,,right,24.110211990773678
2328,11262,145.5,0.20671283963771978,start_connected_robot_center_grid,468,101.25,0,405,56,0.1382716049382716,,forward,1.2072280514985323
2354,11262,147.125,0.20902148819037472,start_connected_robot_center_grid,469,101.25,0,405,56,0.1382716049382716,,right,1.3066921383142471
2361,11262,147.5625,0.2096430474160895,start_connected_robot_center_grid,470,101.5,0,406,56,0.13793103448275862,,forward,1.2105738278478384
2367,11262,147.9375,0.2101758124667022,start_connected_robot_center_grid,471,101.75,0,407,56,0.1375921375921376,,forward,20.141211804002523
2373,11262,148.3125,0.21070857751731487,start_connected_robot_center_grid,472,102.0,0,408,56,0.13725490196078433,,forward,1.2349060270935297
2379,11262,148.6875,0.21124134256792754,start_connected_robot_center_grid,473,102.25,0,409,56,0.13691931540342298,,forward,1.228399807587266
2386,11262,149.125,0.21186290179364234,start_connected_robot_center_grid,474,102.5,0,410,56,0.13658536585365855,,forward,1.2586237862706184
2399,11262,149.9375,0.2130172260699698,start_connected_robot_center_grid,475,102.5,0,410,56,0.13658536585365855,,left,24.473547004163265
2411,11262,150.6875,0.21408275617119518,start_connected_robot_center_grid,476,102.75,0,411,56,0.1362530413625304,,forward,1.198573037981987
2424,11262,151.5,0.21523708044752266,start_connected_robot_center_grid,477,103.0,0,412,56,0.13592233009708737,,forward,1.235336996614933
2440,11262,152.5,0.21665778724915646,start_connected_robot_center_grid,478,103.25,0,413,56,0.13559322033898305,,forward,1.220097066834569
2457,11262,153.5625,0.21816728822589238,start_connected_robot_center_grid,479,103.5,0,414,56,0.13526570048309178,,forward,1.2216640170663595
2474,11262,154.625,0.21967678920262831,start_connected_robot_center_grid,480,103.75,0,415,56,0.13493975903614458,,forward,1.3487490359693766
2491,11262,155.6875,0.22118629017936423,start_connected_robot_center_grid,481,104.0,0,416,56,0.1346153846153846,,forward,20.66040993668139
2508,11262,156.75,0.22269579115610016,start_connected_robot_center_grid,482,104.25,0,417,56,0.1342925659472422,,forward,1.253408147022128
2525,11262,157.8125,0.22420529213283608,start_connected_robot_center_grid,483,104.5,0,418,56,0.1339712918660287,,forward,1.2231599539518356
2542,11262,158.875,0.22571479310957202,start_connected_robot_center_grid,484,104.75,0,419,56,0.13365155131264916,,forward,1.1980270501226187
2559,11262,159.9375,0.22722429408630793,start_connected_robot_center_grid,485,105.0,0,420,56,0.13333333333333333,,forward,1.1846688576042652
2585,11262,161.5625,0.22953294263896287,start_connected_robot_center_grid,486,105.0,0,420,56,0.13333333333333333,,right,25.82709491252899
2585,11262,161.5625,0.22953294263896287,start_connected_robot_center_grid,487,105.0,0,420,56,0.13333333333333333,,right,26.59084997139871
2602,11262,162.625,0.2310424436156988,start_connected_robot_center_grid,488,105.0,0,420,56,0.13333333333333333,,right,1.2351348996162415
2611,11262,163.1875,0.23184159119161782,start_connected_robot_center_grid,489,105.25,0,421,56,0.1330166270783848,,forward,1.2246340047568083
2621,11262,163.8125,0.23272953294263896,start_connected_robot_center_grid,490,105.5,0,422,56,0.13270142180094788,,forward,1.221153885126114
2633,11262,164.5625,0.23379506304386433,start_connected_robot_center_grid,491,105.75,0,423,56,0.13238770685579196,,forward,21.4568548835814
2645,11262,165.3125,0.23486059314508967,start_connected_robot_center_grid,492,106.0,0,424,56,0.1320754716981132,,forward,1.2631651479750872
2649,11262,165.5625,0.23521576984549813,start_connected_robot_center_grid,493,106.25,0,425,56,0.13176470588235295,,forward,1.2155389413237572
2651,11262,165.6875,0.23539335819570237,start_connected_robot_center_grid,494,106.5,0,426,56,0.13145539906103287,,forward,1.2042839080095291
2652,11262,165.75,0.23548215237080447,start_connected_robot_center_grid,495,106.75,0,427,56,0.13114754098360656,,forward,1.193131087347865
2652,11262,165.75,0.23548215237080447,start_connected_robot_center_grid,496,107.0,0,428,56,0.1308411214953271,,forward,1.2268531136214733
2652,11262,165.75,0.23548215237080447,start_connected_robot_center_grid,497,107.25,0,429,56,0.13053613053613053,,forward,1.2090671807527542
2652,11262,165.75,0.23548215237080447,start_connected_robot_center_grid,498,107.5,0,430,56,0.13023255813953488,,forward,1.3301561120897532
2679,11262,167.4375,0.23787959509856155,start_connected_robot_center_grid,499,107.5,0,430,56,0.13023255813953488,,right,27.656275080516934
2690,11262,168.125,0.2388563310246848,start_connected_robot_center_grid,500,107.75,0,431,56,0.12993039443155452,,forward,26.84539300389588
2702,11262,168.875,0.23992186112591013,start_connected_robot_center_grid,501,108.0,0,432,56,0.12962962962962962,,forward,22.33815100044012
2715,11262,169.6875,0.2410761854022376,start_connected_robot_center_grid,502,108.25,0,433,56,0.12933025404157045,,forward,1.246349886059761
2729,11262,170.5625,0.2423193038536672,start_connected_robot_center_grid,503,108.5,0,434,56,0.12903225806451613,,forward,1.238737953826785
2743,11262,171.4375,0.24356242230509678,start_connected_robot_center_grid,504,108.75,0,435,56,0.12873563218390804,,forward,1.2213799636811018
2757,11262,172.3125,0.24480554075652639,start_connected_robot_center_grid,505,109.0,0,436,56,0.12844036697247707,,forward,1.1990619823336601
2771,11262,173.1875,0.24604865920795596,start_connected_robot_center_grid,506,109.25,0,437,56,0.12814645308924486,,forward,1.240558922290802
2785,11262,174.0625,0.24729177765938554,start_connected_robot_center_grid,507,109.5,0,438,56,0.1278538812785388,,forward,1.2300079688429832
2799,11262,174.9375,0.24853489611081514,start_connected_robot_center_grid,508,109.75,0,439,56,0.1275626423690205,,forward,1.2042538728564978
2813,11262,175.8125,0.24977801456224472,start_connected_robot_center_grid,509,110.0,0,440,56,0.12727272727272726,,forward,1.2282789684832096
2826,11262,176.625,0.2509323388385722,start_connected_robot_center_grid,510,110.0,0,440,56,0.12727272727272726,,right,1.2213578447699547
2833,11262,177.0625,0.25155389806428696,start_connected_robot_center_grid,511,110.25,0,441,56,0.12698412698412698,,forward,22.746756905689836
2840,11262,177.5,0.2521754572900018,start_connected_robot_center_grid,512,110.5,0,442,56,0.12669683257918551,,forward,1.2420089915394783
2847,11262,177.9375,0.25279701651571657,start_connected_robot_center_grid,513,110.75,0,443,56,0.12641083521444696,,forward,1.2349539902061224
2854,11262,178.375,0.25341857574143134,start_connected_robot_center_grid,514,111.0,0,444,56,0.12612612612612611,,forward,1.2152509298175573
2860,11262,178.75,0.25395134079204407,start_connected_robot_center_grid,515,111.25,0,445,56,0.1258426966292135,,forward,1.1975159868597984
2876,11262,179.75,0.2553720475936779,start_connected_robot_center_grid,516,111.25,0,445,56,0.1258426966292135,,left,1.208046916872263
2876,11262,179.75,0.2553720475936779,start_connected_robot_center_grid,517,111.25,0,445,56,0.1258426966292135,,left,27.684343047440052
2876,11262,179.75,0.2553720475936779,start_connected_robot_center_grid,518,111.5,0,446,57,0.12780269058295965,,forward,1.3395720161497593
2877,11262,179.8125,0.25546084176878,start_connected_robot_center_grid,519,111.5,0,446,57,0.12780269058295965,,right,1.2373719364404678
2885,11262,180.3125,0.25617119516959685,start_connected_robot_center_grid,520,111.75,0,447,57,0.12751677852348994,,forward,1.2367779854685068
2900,11262,181.25,0.25750310779612856,start_connected_robot_center_grid,521,112.0,0,448,57,0.12723214285714285,,forward,23.2220480684191
2916,11262,182.25,0.25892381459776237,start_connected_robot_center_grid,522,112.25,0,449,57,0.12694877505567928,,forward,1.2541462201625109
2933,11262,183.3125,0.26043331557449834,start_connected_robot_center_grid,523,112.5,0,450,57,0.12666666666666668,,forward,1.219357131049037
2950,11262,184.375,0.26194281655123425,start_connected_robot_center_grid,524,112.75,0,451,57,0.12638580931263857,,forward,1.2045800685882568
2967,11262,185.4375,0.26345231752797016,start_connected_robot_center_grid,525,113.0,0,452,57,0.1261061946902655,,forward,1.1941201519221067
2984,11262,186.5,0.26496181850470607,start_connected_robot_center_grid,526,113.25,0,453,57,0.12582781456953643,,forward,1.229732995852828
3001,11262,187.5625,0.26647131948144204,start_connected_robot_center_grid,527,113.5,0,454,57,0.12555066079295155,,forward,1.2098560109734535
3018,11262,188.625,0.26798082045817795,start_connected_robot_center_grid,528,113.75,0,455,57,0.12527472527472527,,forward,1.2366198934614658
3035,11262,189.6875,0.26949032143491386,start_connected_robot_center_grid,529,114.0,0,456,57,0.125,,forward,1.2178588658571243
3052,11262,190.75,0.27099982241164977,start_connected_robot_center_grid,530,114.25,0,457,57,0.12472647702407003,,forward,1.1978400871157646
3081,11262,192.5625,0.2735748534896111,start_connected_robot_center_grid,531,114.25,0,457,57,0.12472647702407003,,right,51.86721496284008
3081,11262,192.5625,0.2735748534896111,start_connected_robot_center_grid,532,114.25,0,457,57,0.12472647702407003,,right,37.017049035057425
3089,11262,193.0625,0.274285206890428,start_connected_robot_center_grid,533,114.25,0,457,57,0.12472647702407003,,right,1.9142229575663805
3090,11262,193.125,0.2743740010655301,start_connected_robot_center_grid,534,114.5,0,458,57,0.12445414847161572,,forward,1.9120650831609964
3090,11262,193.125,0.2743740010655301,start_connected_robot_center_grid,535,114.75,0,459,57,0.12418300653594772,,forward,1.9113621674478054
3090,11262,193.125,0.2743740010655301,start_connected_robot_center_grid,536,115.0,0,460,57,0.12391304347826088,,forward,1.6990951262414455
3090,11262,193.125,0.2743740010655301,start_connected_robot_center_grid,537,115.25,0,461,57,0.12364425162689804,,forward,1.2466700281947851
3090,11262,193.125,0.2743740010655301,start_connected_robot_center_grid,538,115.5,0,462,57,0.12337662337662338,,forward,1.2499240692704916
3090,11262,193.125,0.2743740010655301,start_connected_robot_center_grid,539,115.75,0,463,57,0.12311015118790497,,forward,1.362981041893363
3090,11262,193.125,0.2743740010655301,start_connected_robot_center_grid,540,116.0,0,464,57,0.12284482758620689,,forward,1.6947248950600624
3090,11262,193.125,0.2743740010655301,start_connected_robot_center_grid,541,116.25,0,465,57,0.12258064516129032,,forward,38.55454199947417
3101,11262,193.8125,0.27535073699165336,start_connected_robot_center_grid,542,116.25,0,465,57,0.12258064516129032,,right,1.763385022059083
3107,11262,194.1875,0.275883502042266,start_connected_robot_center_grid,543,116.5,0,466,57,0.1223175965665236,,forward,1.7375419847667217
3115,11262,194.6875,0.27659385544308296,start_connected_robot_center_grid,544,116.75,0,467,57,0.12205567451820129,,forward,1.7286220099776983
3115,11262,194.6875,0.27659385544308296,start_connected_robot_center_grid,545,116.75,0,467,57,0.12205567451820129,,left,1.6315411776304245
3115,11262,194.6875,0.27659385544308296,start_connected_robot_center_grid,546,116.75,0,467,57,0.12205567451820129,,right,45.50633509643376
3124,11262,195.25,0.27739300301900194,start_connected_robot_center_grid,547,117.0,0,468,57,0.12179487179487179,,forward,1.7411529552191496
3133,11262,195.8125,0.278192150594921,start_connected_robot_center_grid,548,117.25,0,469,57,0.12153518123667377,,forward,1.7539160326123238
3143,11262,196.4375,0.2790800923459421,start_connected_robot_center_grid,549,117.5,0,470,57,0.12127659574468085,,forward,1.693720929324627
3153,11262,197.0625,0.27996803409696325,start_connected_robot_center_grid,550,117.75,0,471,57,0.12101910828025478,,forward,1.8012309446930885
3163,11262,197.6875,0.2808559758479844,start_connected_robot_center_grid,551,118.0,0,472,57,0.12076271186440678,,forward,39.85713911242783
3173,11262,198.3125,0.2817439175990055,start_connected_robot_center_grid,552,118.25,0,473,57,0.12050739957716702,,forward,2.06457800231874
3183,11262,198.9375,0.28263185935002666,start_connected_robot_center_grid,553,118.5,0,474,57,0.12025316455696203,,forward,2.081720158457756
3193,11262,199.5625,0.2835198011010478,start_connected_robot_center_grid,554,118.75,0,475,57,0.12,,forward,2.0209611393511295
3203,11262,200.1875,0.2844077428520689,start_connected_robot_center_grid,555,119.0,0,476,57,0.11974789915966387,,forward,2.032445976510644
3220,11262,201.25,0.28591724382880485,start_connected_robot_center_grid,556,119.0,0,476,57,0.11974789915966387,,right,2.054288052022457
3229,11262,201.8125,0.2867163914047238,start_connected_robot_center_grid,557,119.25,0,477,57,0.11949685534591195,,forward,2.023823093622923
3238,11262,202.375,0.28751553898064286,start_connected_robot_center_grid,558,119.5,0,478,57,0.1192468619246862,,forward,2.0473680924624205
3247,11262,202.9375,0.2883146865565619,start_connected_robot_center_grid,559,119.75,0,479,57,0.11899791231732777,,forward,2.0860820077359676
3257,11262,203.5625,0.28920262830758303,start_connected_robot_center_grid,560,120.0,0,480,57,0.11875,,forward,2.0861008670181036
3268,11262,204.25,0.29017936423370627,start_connected_robot_center_grid,561,120.25,0,481,57,0.11850311850311851,,forward,26.076586917042732
3280,11262,205.0,0.2912448943349316,start_connected_robot_center_grid,562,120.5,0,482,57,0.11825726141078838,,forward,1.249146880581975
3292,11262,205.75,0.292310424436157,start_connected_robot_center_grid,563,120.75,0,483,57,0.11801242236024845,,forward,1.2426609173417091
3314,11262,207.125,0.2942638962884035,start_connected_robot_center_grid,564,120.75,0,483,57,0.11801242236024845,,left,1.2055879924446344
3314,11262,207.125,0.2942638962884035,start_connected_robot_center_grid,565,120.75,0,483,57,0.11801242236024845,,left,30.797800049185753
3314,11262,207.125,0.2942638962884035,start_connected_robot_center_grid,566,121.0,0,484,58,0.11983471074380166,,forward,1.2539178133010864
3314,11262,207.125,0.2942638962884035,start_connected_robot_center_grid,567,121.25,0,485,59,0.12164948453608247,,forward,1.2543220072984695
3314,11262,207.125,0.2942638962884035,start_connected_robot_center_grid,568,121.5,0,486,60,0.12345679012345678,,forward,1.3431659899652004
3314,11262,207.125,0.2942638962884035,start_connected_robot_center_grid,569,121.75,0,487,61,0.12525667351129363,,forward,1.2330601457506418
3315,11262,207.1875,0.2943526904635056,start_connected_robot_center_grid,570,121.75,0,487,61,0.12525667351129363,,right,1.2119910679757595
3322,11262,207.625,0.29497424968922037,start_connected_robot_center_grid,571,122.0,0,488,61,0.125,,forward,25.572235928848386
3333,11262,208.3125,0.2959509856153436,start_connected_robot_center_grid,572,122.25,0,489,61,0.12474437627811862,,forward,1.2330678291618824
3345,11262,209.0625,0.297016515716569,start_connected_robot_center_grid,573,122.5,0,490,61,0.12448979591836734,,forward,1.25193502753973
3358,11262,209.875,0.29817083999289645,start_connected_robot_center_grid,574,122.75,0,491,61,0.12423625254582485,,forward,1.2191678397357464
3371,11262,210.6875,0.29932516426922395,start_connected_robot_center_grid,575,123.0,0,492,61,0.12398373983739837,,forward,1.1901268735527992
3384,11262,211.5,0.3004794885455514,start_connected_robot_center_grid,576,123.25,0,493,61,0.12373225152129817,,forward,1.187057001516223
3397,11262,212.3125,0.3016338128218789,start_connected_robot_center_grid,577,123.5,0,494,61,0.12348178137651822,,forward,1.2151200789958239
3409,11262,213.0625,0.30269934292310424,start_connected_robot_center_grid,578,123.75,0,495,61,0.12323232323232323,,forward,1.209460897371173
3413,11262,213.3125,0.3030545196235127,start_connected_robot_center_grid,579,124.0,0,496,61,0.12298387096774194,,forward,1.2222861405462027
3415,11262,213.4375,0.3032321079737169,start_connected_robot_center_grid,580,124.25,0,497,61,0.1227364185110664,,forward,1.2271602172404528
3416,11262,213.5,0.303320902148819,start_connected_robot_center_grid,581,124.5,0,498,61,0.12248995983935743,,forward,26.1218489613384
3438,11262,214.875,0.30527437400106555,start_connected_robot_center_grid,582,124.5,0,498,61,0.12248995983935743,,right,31.096682883799076
3449,11262,215.5625,0.3062511099271888,start_connected_robot_center_grid,583,124.75,0,499,61,0.12224448897795591,,forward,1.2247669510543346
3461,11262,216.3125,0.30731664002841413,start_connected_robot_center_grid,584,125.0,0,500,61,0.122,,forward,1.2245180550962687
3474,11262,217.125,0.30847096430474163,start_connected_robot_center_grid,585,125.25,0,501,61,0.1217564870259481,,forward,1.219827914610505
3487,11262,217.9375,0.3096252885810691,start_connected_robot_center_grid,586,125.5,0,502,61,0.12151394422310757,,forward,1.218083081766963
3502,11262,218.875,0.3109572012076008,start_connected_robot_center_grid,587,125.75,0,503,61,0.12127236580516898,,forward,1.2238938361406326
3517,11262,219.8125,0.3122891138341325,start_connected_robot_center_grid,588,126.0,0,504,61,0.12103174603174603,,forward,1.2350899633020163
3533,11262,220.8125,0.3137098206357663,start_connected_robot_center_grid,589,126.25,0,505,61,0.12079207920792079,,forward,1.3283789157867432
3549,11262,221.8125,0.3151305274374001,start_connected_robot_center_grid,590,126.5,0,506,61,0.12055335968379446,,forward,1.242510974407196
3549,11262,221.8125,0.3151305274374001,start_connected_robot_center_grid,591,126.5,0,506,61,0.12055335968379446,,left,57.22667905502021
3549,11262,221.8125,0.3151305274374001,start_connected_robot_center_grid,592,126.5,0,506,61,0.12055335968379446,,right,31.84302500449121
3565,11262,222.8125,0.3165512342390339,start_connected_robot_center_grid,593,126.75,0,507,61,0.1203155818540434,,forward,1.3448039535433054
3581,11262,223.8125,0.3179719410406677,start_connected_robot_center_grid,594,127.0,0,508,61,0.12007874015748031,,forward,1.244732877239585
3597,11262,224.8125,0.31939264784230154,start_connected_robot_center_grid,595,127.25,0,509,61,0.11984282907662082,,forward,1.2292149476706982
3612,11262,225.75,0.32072456046883324,start_connected_robot_center_grid,596,127.5,0,510,61,0.11960784313725491,,forward,1.2004498858004808
3620,11262,226.25,0.3214349138696502,start_connected_robot_center_grid,597,127.75,0,511,61,0.11937377690802348,,forward,1.1953369248658419
3624,11262,226.5,0.3217900905700586,start_connected_robot_center_grid,598,128.0,0,512,61,0.119140625,,forward,1.327799865975976
3626,11262,226.625,0.32196767892026285,start_connected_robot_center_grid,599,128.25,0,513,61,0.1189083820662768,,forward,1.2309879530221224
3626,11262,226.625,0.32196767892026285,start_connected_robot_center_grid,600,128.5,0,514,61,0.11867704280155641,budget_exhausted,forward,1.2425598688423634
